11000000000000111010000000000001
11000000000000111010000000000001
11000000000000111010000000000001
11000000000000111010000000000001
11000000000000111010000000000001
11000000000000111010000000000001
11000000000000111010000000000001
11000001110100111010000000000001
11001001110100111010000000000010
11000000000000111100000000000010
11000000000000111110000000000011
11000000000001000000000000000100
11000000000001000010000000000101
11000000000001000100000000000110
11000000000001000110000000000111
11000000000001001000000000001000
11000000000001001010000000001001
11000000000001001100000000001010
11000000000001001110000000001011
11000000000001010000000000001100
11000000000001010010000000001101
11000000000001010100000000001110
11000000000001010110000000001111
11000000000001011000000000010000
11000000000001011010000000010001
11001000000001011010000000010001
11000000000001011010000000010001
11001000000001011010000000010001

